{
    "cells": [
        {
            "cell_type": "markdown",
            "metadata": {},
            "source": "# Importar CSV\n\nDada uma entrada CSV do object storage\nCriar uma fun\u00e7\u00e3o mostre o conte\u00fado do CSV sem repeti\u00e7\u00f5es em ordem alfab\u00e9tica"
        },
        {
            "cell_type": "code",
            "execution_count": 1,
            "metadata": {},
            "outputs": [
                {
                    "data": {
                        "text/html": "<div>\n<style scoped>\n    .dataframe tbody tr th:only-of-type {\n        vertical-align: middle;\n    }\n\n    .dataframe tbody tr th {\n        vertical-align: top;\n    }\n\n    .dataframe thead th {\n        text-align: right;\n    }\n</style>\n<table border=\"1\" class=\"dataframe\">\n  <thead>\n    <tr style=\"text-align: right;\">\n      <th></th>\n      <th>name</th>\n    </tr>\n  </thead>\n  <tbody>\n    <tr>\n      <th>0</th>\n      <td>Rog</td>\n    </tr>\n    <tr>\n      <th>1</th>\n      <td>Robinett</td>\n    </tr>\n    <tr>\n      <th>2</th>\n      <td>Stacee</td>\n    </tr>\n    <tr>\n      <th>3</th>\n      <td>Rutter</td>\n    </tr>\n    <tr>\n      <th>4</th>\n      <td>Candi</td>\n    </tr>\n  </tbody>\n</table>\n</div>",
                        "text/plain": "       name\n0       Rog\n1  Robinett\n2    Stacee\n3    Rutter\n4     Candi"
                    },
                    "execution_count": 1,
                    "metadata": {},
                    "output_type": "execute_result"
                }
            ],
            "source": "\nimport types\nimport pandas as pd\nfrom botocore.client import Config\nimport ibm_boto3\n\ndef __iter__(self): return 0\n\nclient_a3e64bedba2646b5bf66e662ddc2320c = ibm_boto3.client(service_name='s3',\n    ibm_api_key_id='HzrOSGPKzz__gAu9iAkEXV2PowU820p1Fvf0O5fVATht',\n    ibm_auth_endpoint=\"https://iam.ng.bluemix.net/oidc/token\",\n    config=Config(signature_version='oauth'),\n    endpoint_url='https://s3-api.us-geo.objectstorage.service.networklayer.com')\n\nbody = client_a3e64bedba2646b5bf66e662ddc2320c.get_object(Bucket='desafiopython-donotdelete-pr-xuycmxag8ig5bc',Key='data.csv')['Body']\n\nif not hasattr(body, \"__iter__\"): body.__iter__ = types.MethodType( __iter__, body )\n\ndf_data_1 = pd.read_csv(body)\ndf_data_1.head(5)\n"
        },
        {
            "cell_type": "markdown",
            "metadata": {},
            "source": "# Criar fun\u00e7\u00e3o de ordena\u00e7\u00e3o por nome"
        },
        {
            "cell_type": "code",
            "execution_count": 2,
            "metadata": {},
            "outputs": [],
            "source": "def ordem (csv):\n    return csv.sort_values(['name'])"
        },
        {
            "cell_type": "code",
            "execution_count": 3,
            "metadata": {
                "scrolled": true
            },
            "outputs": [
                {
                    "data": {
                        "text/html": "<div>\n<style scoped>\n    .dataframe tbody tr th:only-of-type {\n        vertical-align: middle;\n    }\n\n    .dataframe tbody tr th {\n        vertical-align: top;\n    }\n\n    .dataframe thead th {\n        text-align: right;\n    }\n</style>\n<table border=\"1\" class=\"dataframe\">\n  <thead>\n    <tr style=\"text-align: right;\">\n      <th></th>\n      <th>name</th>\n    </tr>\n  </thead>\n  <tbody>\n    <tr>\n      <th>73</th>\n      <td>Adrianne</td>\n    </tr>\n    <tr>\n      <th>74</th>\n      <td>Alene</td>\n    </tr>\n    <tr>\n      <th>46</th>\n      <td>Alessandro</td>\n    </tr>\n    <tr>\n      <th>20</th>\n      <td>Alfons</td>\n    </tr>\n    <tr>\n      <th>99</th>\n      <td>Anthony</td>\n    </tr>\n    <tr>\n      <th>75</th>\n      <td>Armin</td>\n    </tr>\n    <tr>\n      <th>51</th>\n      <td>Artemis</td>\n    </tr>\n    <tr>\n      <th>41</th>\n      <td>Berne</td>\n    </tr>\n    <tr>\n      <th>90</th>\n      <td>Bunni</td>\n    </tr>\n    <tr>\n      <th>35</th>\n      <td>Calv</td>\n    </tr>\n    <tr>\n      <th>4</th>\n      <td>Candi</td>\n    </tr>\n    <tr>\n      <th>92</th>\n      <td>Carlyn</td>\n    </tr>\n    <tr>\n      <th>67</th>\n      <td>Caspar</td>\n    </tr>\n    <tr>\n      <th>79</th>\n      <td>Christie</td>\n    </tr>\n    <tr>\n      <th>80</th>\n      <td>Cindie</td>\n    </tr>\n    <tr>\n      <th>29</th>\n      <td>Clarence</td>\n    </tr>\n    <tr>\n      <th>12</th>\n      <td>Clarisse</td>\n    </tr>\n    <tr>\n      <th>85</th>\n      <td>Codi</td>\n    </tr>\n    <tr>\n      <th>60</th>\n      <td>Constantino</td>\n    </tr>\n    <tr>\n      <th>84</th>\n      <td>Cristionna</td>\n    </tr>\n    <tr>\n      <th>97</th>\n      <td>Daffi</td>\n    </tr>\n    <tr>\n      <th>21</th>\n      <td>Daune</td>\n    </tr>\n    <tr>\n      <th>13</th>\n      <td>Druci</td>\n    </tr>\n    <tr>\n      <th>22</th>\n      <td>Ellswerth</td>\n    </tr>\n    <tr>\n      <th>34</th>\n      <td>Elora</td>\n    </tr>\n    <tr>\n      <th>62</th>\n      <td>Fanchette</td>\n    </tr>\n    <tr>\n      <th>89</th>\n      <td>Fanya</td>\n    </tr>\n    <tr>\n      <th>5</th>\n      <td>Farica</td>\n    </tr>\n    <tr>\n      <th>59</th>\n      <td>Gaile</td>\n    </tr>\n    <tr>\n      <th>6</th>\n      <td>Garrard</td>\n    </tr>\n    <tr>\n      <th>...</th>\n      <td>...</td>\n    </tr>\n    <tr>\n      <th>82</th>\n      <td>Perle</td>\n    </tr>\n    <tr>\n      <th>57</th>\n      <td>Philippine</td>\n    </tr>\n    <tr>\n      <th>23</th>\n      <td>Portia</td>\n    </tr>\n    <tr>\n      <th>14</th>\n      <td>Rafaela</td>\n    </tr>\n    <tr>\n      <th>33</th>\n      <td>Reginauld</td>\n    </tr>\n    <tr>\n      <th>11</th>\n      <td>Reine</td>\n    </tr>\n    <tr>\n      <th>72</th>\n      <td>Reinold</td>\n    </tr>\n    <tr>\n      <th>47</th>\n      <td>Retha</td>\n    </tr>\n    <tr>\n      <th>30</th>\n      <td>Riobard</td>\n    </tr>\n    <tr>\n      <th>1</th>\n      <td>Robinett</td>\n    </tr>\n    <tr>\n      <th>0</th>\n      <td>Rog</td>\n    </tr>\n    <tr>\n      <th>58</th>\n      <td>Rozelle</td>\n    </tr>\n    <tr>\n      <th>3</th>\n      <td>Rutter</td>\n    </tr>\n    <tr>\n      <th>53</th>\n      <td>Shandy</td>\n    </tr>\n    <tr>\n      <th>25</th>\n      <td>Slade</td>\n    </tr>\n    <tr>\n      <th>49</th>\n      <td>Sorcha</td>\n    </tr>\n    <tr>\n      <th>2</th>\n      <td>Stacee</td>\n    </tr>\n    <tr>\n      <th>76</th>\n      <td>Steven</td>\n    </tr>\n    <tr>\n      <th>61</th>\n      <td>Sven</td>\n    </tr>\n    <tr>\n      <th>40</th>\n      <td>Tandie</td>\n    </tr>\n    <tr>\n      <th>71</th>\n      <td>Tanney</td>\n    </tr>\n    <tr>\n      <th>48</th>\n      <td>Tasha</td>\n    </tr>\n    <tr>\n      <th>18</th>\n      <td>Theresa</td>\n    </tr>\n    <tr>\n      <th>7</th>\n      <td>Venus</td>\n    </tr>\n    <tr>\n      <th>26</th>\n      <td>Verne</td>\n    </tr>\n    <tr>\n      <th>28</th>\n      <td>Vevay</td>\n    </tr>\n    <tr>\n      <th>52</th>\n      <td>Whitney</td>\n    </tr>\n    <tr>\n      <th>86</th>\n      <td>William</td>\n    </tr>\n    <tr>\n      <th>15</th>\n      <td>Wolfy</td>\n    </tr>\n    <tr>\n      <th>87</th>\n      <td>Zarah</td>\n    </tr>\n  </tbody>\n</table>\n<p>100 rows \u00d7 1 columns</p>\n</div>",
                        "text/plain": "           name\n73     Adrianne\n74        Alene\n46   Alessandro\n20       Alfons\n99      Anthony\n75        Armin\n51      Artemis\n41        Berne\n90        Bunni\n35         Calv\n4         Candi\n92       Carlyn\n67       Caspar\n79     Christie\n80       Cindie\n29     Clarence\n12     Clarisse\n85         Codi\n60  Constantino\n84   Cristionna\n97        Daffi\n21        Daune\n13        Druci\n22    Ellswerth\n34        Elora\n62    Fanchette\n89        Fanya\n5        Farica\n59        Gaile\n6       Garrard\n..          ...\n82        Perle\n57   Philippine\n23       Portia\n14      Rafaela\n33    Reginauld\n11        Reine\n72      Reinold\n47        Retha\n30      Riobard\n1      Robinett\n0           Rog\n58      Rozelle\n3        Rutter\n53       Shandy\n25        Slade\n49       Sorcha\n2        Stacee\n76       Steven\n61         Sven\n40       Tandie\n71       Tanney\n48        Tasha\n18      Theresa\n7         Venus\n26        Verne\n28        Vevay\n52      Whitney\n86      William\n15        Wolfy\n87        Zarah\n\n[100 rows x 1 columns]"
                    },
                    "execution_count": 3,
                    "metadata": {},
                    "output_type": "execute_result"
                }
            ],
            "source": "ordem (df_data_1)"
        },
        {
            "cell_type": "markdown",
            "metadata": {},
            "source": "# Importar JSON\n\nLer Json de entrada do object storage\nCriar 3 fun\u00e7\u00f5es diferentes que mostrem as entradas ordenadas por:\n\nData;\nNome;\nValor;"
        },
        {
            "cell_type": "code",
            "execution_count": 4,
            "metadata": {},
            "outputs": [
                {
                    "data": {
                        "text/html": "<div>\n<style scoped>\n    .dataframe tbody tr th:only-of-type {\n        vertical-align: middle;\n    }\n\n    .dataframe tbody tr th {\n        vertical-align: top;\n    }\n\n    .dataframe thead th {\n        text-align: right;\n    }\n</style>\n<table border=\"1\" class=\"dataframe\">\n  <thead>\n    <tr style=\"text-align: right;\">\n      <th></th>\n      <th>date</th>\n      <th>name</th>\n      <th>value</th>\n    </tr>\n  </thead>\n  <tbody>\n    <tr>\n      <th>0</th>\n      <td>2018-12-12</td>\n      <td>Kimble</td>\n      <td>93.28</td>\n    </tr>\n    <tr>\n      <th>1</th>\n      <td>2019-03-08</td>\n      <td>Alanna</td>\n      <td>10.51</td>\n    </tr>\n    <tr>\n      <th>2</th>\n      <td>2019-10-09</td>\n      <td>Jay</td>\n      <td>29.41</td>\n    </tr>\n    <tr>\n      <th>3</th>\n      <td>2019-07-28</td>\n      <td>Rustin</td>\n      <td>47.94</td>\n    </tr>\n    <tr>\n      <th>4</th>\n      <td>2019-03-23</td>\n      <td>Pedro</td>\n      <td>98.77</td>\n    </tr>\n  </tbody>\n</table>\n</div>",
                        "text/plain": "        date    name  value\n0 2018-12-12  Kimble  93.28\n1 2019-03-08  Alanna  10.51\n2 2019-10-09     Jay  29.41\n3 2019-07-28  Rustin  47.94\n4 2019-03-23   Pedro  98.77"
                    },
                    "execution_count": 4,
                    "metadata": {},
                    "output_type": "execute_result"
                }
            ],
            "source": "\nbody = client_a3e64bedba2646b5bf66e662ddc2320c.get_object(Bucket='desafiopython-donotdelete-pr-xuycmxag8ig5bc',Key='data.json')['Body']\n\nif not hasattr(body, \"__iter__\"): body.__iter__ = types.MethodType( __iter__, body )\n\ndf_data_2 = pd.read_json(body, orient='values')\ndf_data_2.head()\n"
        },
        {
            "cell_type": "markdown",
            "metadata": {},
            "source": "# Criar fun\u00e7\u00e3o de ordena\u00e7\u00e3o por data"
        },
        {
            "cell_type": "code",
            "execution_count": 5,
            "metadata": {},
            "outputs": [],
            "source": "def ordemDate (json):\n    return json.sort_values(['date'])"
        },
        {
            "cell_type": "code",
            "execution_count": 6,
            "metadata": {},
            "outputs": [
                {
                    "data": {
                        "text/html": "<div>\n<style scoped>\n    .dataframe tbody tr th:only-of-type {\n        vertical-align: middle;\n    }\n\n    .dataframe tbody tr th {\n        vertical-align: top;\n    }\n\n    .dataframe thead th {\n        text-align: right;\n    }\n</style>\n<table border=\"1\" class=\"dataframe\">\n  <thead>\n    <tr style=\"text-align: right;\">\n      <th></th>\n      <th>date</th>\n      <th>name</th>\n      <th>value</th>\n    </tr>\n  </thead>\n  <tbody>\n    <tr>\n      <th>16</th>\n      <td>2018-11-23</td>\n      <td>Culver</td>\n      <td>68.38</td>\n    </tr>\n    <tr>\n      <th>15</th>\n      <td>2018-11-24</td>\n      <td>Xenia</td>\n      <td>43.61</td>\n    </tr>\n    <tr>\n      <th>0</th>\n      <td>2018-12-12</td>\n      <td>Kimble</td>\n      <td>93.28</td>\n    </tr>\n    <tr>\n      <th>10</th>\n      <td>2019-01-13</td>\n      <td>Kristine</td>\n      <td>26.09</td>\n    </tr>\n    <tr>\n      <th>24</th>\n      <td>2019-01-27</td>\n      <td>Christabel</td>\n      <td>73.09</td>\n    </tr>\n    <tr>\n      <th>13</th>\n      <td>2019-02-03</td>\n      <td>Claudine</td>\n      <td>26.28</td>\n    </tr>\n    <tr>\n      <th>8</th>\n      <td>2019-02-14</td>\n      <td>Graig</td>\n      <td>79.75</td>\n    </tr>\n    <tr>\n      <th>1</th>\n      <td>2019-03-08</td>\n      <td>Alanna</td>\n      <td>10.51</td>\n    </tr>\n    <tr>\n      <th>5</th>\n      <td>2019-03-21</td>\n      <td>Isac</td>\n      <td>5.21</td>\n    </tr>\n    <tr>\n      <th>4</th>\n      <td>2019-03-23</td>\n      <td>Pedro</td>\n      <td>98.77</td>\n    </tr>\n    <tr>\n      <th>14</th>\n      <td>2019-04-07</td>\n      <td>Honoria</td>\n      <td>93.40</td>\n    </tr>\n    <tr>\n      <th>6</th>\n      <td>2019-04-10</td>\n      <td>Gayla</td>\n      <td>40.03</td>\n    </tr>\n    <tr>\n      <th>20</th>\n      <td>2019-04-11</td>\n      <td>Jackson</td>\n      <td>53.92</td>\n    </tr>\n    <tr>\n      <th>17</th>\n      <td>2019-05-14</td>\n      <td>Paddie</td>\n      <td>99.52</td>\n    </tr>\n    <tr>\n      <th>23</th>\n      <td>2019-05-25</td>\n      <td>Jack</td>\n      <td>87.38</td>\n    </tr>\n    <tr>\n      <th>22</th>\n      <td>2019-06-18</td>\n      <td>Christie</td>\n      <td>83.61</td>\n    </tr>\n    <tr>\n      <th>3</th>\n      <td>2019-07-28</td>\n      <td>Rustin</td>\n      <td>47.94</td>\n    </tr>\n    <tr>\n      <th>19</th>\n      <td>2019-08-02</td>\n      <td>Tadio</td>\n      <td>4.40</td>\n    </tr>\n    <tr>\n      <th>18</th>\n      <td>2019-08-17</td>\n      <td>Livy</td>\n      <td>51.81</td>\n    </tr>\n    <tr>\n      <th>12</th>\n      <td>2019-08-21</td>\n      <td>Teri</td>\n      <td>22.17</td>\n    </tr>\n    <tr>\n      <th>2</th>\n      <td>2019-10-09</td>\n      <td>Jay</td>\n      <td>29.41</td>\n    </tr>\n    <tr>\n      <th>11</th>\n      <td>2019-10-10</td>\n      <td>Brenden</td>\n      <td>41.40</td>\n    </tr>\n    <tr>\n      <th>7</th>\n      <td>2019-10-16</td>\n      <td>Ransell</td>\n      <td>80.89</td>\n    </tr>\n    <tr>\n      <th>21</th>\n      <td>2019-10-19</td>\n      <td>Elise</td>\n      <td>35.62</td>\n    </tr>\n    <tr>\n      <th>9</th>\n      <td>2019-10-21</td>\n      <td>Jacquenetta</td>\n      <td>97.73</td>\n    </tr>\n  </tbody>\n</table>\n</div>",
                        "text/plain": "         date         name  value\n16 2018-11-23       Culver  68.38\n15 2018-11-24        Xenia  43.61\n0  2018-12-12       Kimble  93.28\n10 2019-01-13     Kristine  26.09\n24 2019-01-27   Christabel  73.09\n13 2019-02-03     Claudine  26.28\n8  2019-02-14        Graig  79.75\n1  2019-03-08       Alanna  10.51\n5  2019-03-21         Isac   5.21\n4  2019-03-23        Pedro  98.77\n14 2019-04-07      Honoria  93.40\n6  2019-04-10        Gayla  40.03\n20 2019-04-11      Jackson  53.92\n17 2019-05-14       Paddie  99.52\n23 2019-05-25         Jack  87.38\n22 2019-06-18     Christie  83.61\n3  2019-07-28       Rustin  47.94\n19 2019-08-02        Tadio   4.40\n18 2019-08-17         Livy  51.81\n12 2019-08-21         Teri  22.17\n2  2019-10-09          Jay  29.41\n11 2019-10-10      Brenden  41.40\n7  2019-10-16      Ransell  80.89\n21 2019-10-19        Elise  35.62\n9  2019-10-21  Jacquenetta  97.73"
                    },
                    "execution_count": 6,
                    "metadata": {},
                    "output_type": "execute_result"
                }
            ],
            "source": "ordemDate (df_data_2)"
        },
        {
            "cell_type": "markdown",
            "metadata": {},
            "source": "# Criar fun\u00e7\u00e3o de ordena\u00e7\u00e3o por nome"
        },
        {
            "cell_type": "code",
            "execution_count": 7,
            "metadata": {},
            "outputs": [],
            "source": "def ordemName (json):\n    return json.sort_values(['name'])"
        },
        {
            "cell_type": "code",
            "execution_count": 8,
            "metadata": {},
            "outputs": [
                {
                    "data": {
                        "text/html": "<div>\n<style scoped>\n    .dataframe tbody tr th:only-of-type {\n        vertical-align: middle;\n    }\n\n    .dataframe tbody tr th {\n        vertical-align: top;\n    }\n\n    .dataframe thead th {\n        text-align: right;\n    }\n</style>\n<table border=\"1\" class=\"dataframe\">\n  <thead>\n    <tr style=\"text-align: right;\">\n      <th></th>\n      <th>date</th>\n      <th>name</th>\n      <th>value</th>\n    </tr>\n  </thead>\n  <tbody>\n    <tr>\n      <th>1</th>\n      <td>2019-03-08</td>\n      <td>Alanna</td>\n      <td>10.51</td>\n    </tr>\n    <tr>\n      <th>11</th>\n      <td>2019-10-10</td>\n      <td>Brenden</td>\n      <td>41.40</td>\n    </tr>\n    <tr>\n      <th>24</th>\n      <td>2019-01-27</td>\n      <td>Christabel</td>\n      <td>73.09</td>\n    </tr>\n    <tr>\n      <th>22</th>\n      <td>2019-06-18</td>\n      <td>Christie</td>\n      <td>83.61</td>\n    </tr>\n    <tr>\n      <th>13</th>\n      <td>2019-02-03</td>\n      <td>Claudine</td>\n      <td>26.28</td>\n    </tr>\n    <tr>\n      <th>16</th>\n      <td>2018-11-23</td>\n      <td>Culver</td>\n      <td>68.38</td>\n    </tr>\n    <tr>\n      <th>21</th>\n      <td>2019-10-19</td>\n      <td>Elise</td>\n      <td>35.62</td>\n    </tr>\n    <tr>\n      <th>6</th>\n      <td>2019-04-10</td>\n      <td>Gayla</td>\n      <td>40.03</td>\n    </tr>\n    <tr>\n      <th>8</th>\n      <td>2019-02-14</td>\n      <td>Graig</td>\n      <td>79.75</td>\n    </tr>\n    <tr>\n      <th>14</th>\n      <td>2019-04-07</td>\n      <td>Honoria</td>\n      <td>93.40</td>\n    </tr>\n    <tr>\n      <th>5</th>\n      <td>2019-03-21</td>\n      <td>Isac</td>\n      <td>5.21</td>\n    </tr>\n    <tr>\n      <th>23</th>\n      <td>2019-05-25</td>\n      <td>Jack</td>\n      <td>87.38</td>\n    </tr>\n    <tr>\n      <th>20</th>\n      <td>2019-04-11</td>\n      <td>Jackson</td>\n      <td>53.92</td>\n    </tr>\n    <tr>\n      <th>9</th>\n      <td>2019-10-21</td>\n      <td>Jacquenetta</td>\n      <td>97.73</td>\n    </tr>\n    <tr>\n      <th>2</th>\n      <td>2019-10-09</td>\n      <td>Jay</td>\n      <td>29.41</td>\n    </tr>\n    <tr>\n      <th>0</th>\n      <td>2018-12-12</td>\n      <td>Kimble</td>\n      <td>93.28</td>\n    </tr>\n    <tr>\n      <th>10</th>\n      <td>2019-01-13</td>\n      <td>Kristine</td>\n      <td>26.09</td>\n    </tr>\n    <tr>\n      <th>18</th>\n      <td>2019-08-17</td>\n      <td>Livy</td>\n      <td>51.81</td>\n    </tr>\n    <tr>\n      <th>17</th>\n      <td>2019-05-14</td>\n      <td>Paddie</td>\n      <td>99.52</td>\n    </tr>\n    <tr>\n      <th>4</th>\n      <td>2019-03-23</td>\n      <td>Pedro</td>\n      <td>98.77</td>\n    </tr>\n    <tr>\n      <th>7</th>\n      <td>2019-10-16</td>\n      <td>Ransell</td>\n      <td>80.89</td>\n    </tr>\n    <tr>\n      <th>3</th>\n      <td>2019-07-28</td>\n      <td>Rustin</td>\n      <td>47.94</td>\n    </tr>\n    <tr>\n      <th>19</th>\n      <td>2019-08-02</td>\n      <td>Tadio</td>\n      <td>4.40</td>\n    </tr>\n    <tr>\n      <th>12</th>\n      <td>2019-08-21</td>\n      <td>Teri</td>\n      <td>22.17</td>\n    </tr>\n    <tr>\n      <th>15</th>\n      <td>2018-11-24</td>\n      <td>Xenia</td>\n      <td>43.61</td>\n    </tr>\n  </tbody>\n</table>\n</div>",
                        "text/plain": "         date         name  value\n1  2019-03-08       Alanna  10.51\n11 2019-10-10      Brenden  41.40\n24 2019-01-27   Christabel  73.09\n22 2019-06-18     Christie  83.61\n13 2019-02-03     Claudine  26.28\n16 2018-11-23       Culver  68.38\n21 2019-10-19        Elise  35.62\n6  2019-04-10        Gayla  40.03\n8  2019-02-14        Graig  79.75\n14 2019-04-07      Honoria  93.40\n5  2019-03-21         Isac   5.21\n23 2019-05-25         Jack  87.38\n20 2019-04-11      Jackson  53.92\n9  2019-10-21  Jacquenetta  97.73\n2  2019-10-09          Jay  29.41\n0  2018-12-12       Kimble  93.28\n10 2019-01-13     Kristine  26.09\n18 2019-08-17         Livy  51.81\n17 2019-05-14       Paddie  99.52\n4  2019-03-23        Pedro  98.77\n7  2019-10-16      Ransell  80.89\n3  2019-07-28       Rustin  47.94\n19 2019-08-02        Tadio   4.40\n12 2019-08-21         Teri  22.17\n15 2018-11-24        Xenia  43.61"
                    },
                    "execution_count": 8,
                    "metadata": {},
                    "output_type": "execute_result"
                }
            ],
            "source": "ordemName (df_data_2)"
        },
        {
            "cell_type": "markdown",
            "metadata": {},
            "source": "# Criar fun\u00e7\u00e3o de ordena\u00e7\u00e3o por valor"
        },
        {
            "cell_type": "code",
            "execution_count": 9,
            "metadata": {},
            "outputs": [],
            "source": "def ordemValue (json):\n    return json.sort_values(['value'])"
        },
        {
            "cell_type": "code",
            "execution_count": 10,
            "metadata": {},
            "outputs": [
                {
                    "data": {
                        "text/html": "<div>\n<style scoped>\n    .dataframe tbody tr th:only-of-type {\n        vertical-align: middle;\n    }\n\n    .dataframe tbody tr th {\n        vertical-align: top;\n    }\n\n    .dataframe thead th {\n        text-align: right;\n    }\n</style>\n<table border=\"1\" class=\"dataframe\">\n  <thead>\n    <tr style=\"text-align: right;\">\n      <th></th>\n      <th>date</th>\n      <th>name</th>\n      <th>value</th>\n    </tr>\n  </thead>\n  <tbody>\n    <tr>\n      <th>19</th>\n      <td>2019-08-02</td>\n      <td>Tadio</td>\n      <td>4.40</td>\n    </tr>\n    <tr>\n      <th>5</th>\n      <td>2019-03-21</td>\n      <td>Isac</td>\n      <td>5.21</td>\n    </tr>\n    <tr>\n      <th>1</th>\n      <td>2019-03-08</td>\n      <td>Alanna</td>\n      <td>10.51</td>\n    </tr>\n    <tr>\n      <th>12</th>\n      <td>2019-08-21</td>\n      <td>Teri</td>\n      <td>22.17</td>\n    </tr>\n    <tr>\n      <th>10</th>\n      <td>2019-01-13</td>\n      <td>Kristine</td>\n      <td>26.09</td>\n    </tr>\n    <tr>\n      <th>13</th>\n      <td>2019-02-03</td>\n      <td>Claudine</td>\n      <td>26.28</td>\n    </tr>\n    <tr>\n      <th>2</th>\n      <td>2019-10-09</td>\n      <td>Jay</td>\n      <td>29.41</td>\n    </tr>\n    <tr>\n      <th>21</th>\n      <td>2019-10-19</td>\n      <td>Elise</td>\n      <td>35.62</td>\n    </tr>\n    <tr>\n      <th>6</th>\n      <td>2019-04-10</td>\n      <td>Gayla</td>\n      <td>40.03</td>\n    </tr>\n    <tr>\n      <th>11</th>\n      <td>2019-10-10</td>\n      <td>Brenden</td>\n      <td>41.40</td>\n    </tr>\n    <tr>\n      <th>15</th>\n      <td>2018-11-24</td>\n      <td>Xenia</td>\n      <td>43.61</td>\n    </tr>\n    <tr>\n      <th>3</th>\n      <td>2019-07-28</td>\n      <td>Rustin</td>\n      <td>47.94</td>\n    </tr>\n    <tr>\n      <th>18</th>\n      <td>2019-08-17</td>\n      <td>Livy</td>\n      <td>51.81</td>\n    </tr>\n    <tr>\n      <th>20</th>\n      <td>2019-04-11</td>\n      <td>Jackson</td>\n      <td>53.92</td>\n    </tr>\n    <tr>\n      <th>16</th>\n      <td>2018-11-23</td>\n      <td>Culver</td>\n      <td>68.38</td>\n    </tr>\n    <tr>\n      <th>24</th>\n      <td>2019-01-27</td>\n      <td>Christabel</td>\n      <td>73.09</td>\n    </tr>\n    <tr>\n      <th>8</th>\n      <td>2019-02-14</td>\n      <td>Graig</td>\n      <td>79.75</td>\n    </tr>\n    <tr>\n      <th>7</th>\n      <td>2019-10-16</td>\n      <td>Ransell</td>\n      <td>80.89</td>\n    </tr>\n    <tr>\n      <th>22</th>\n      <td>2019-06-18</td>\n      <td>Christie</td>\n      <td>83.61</td>\n    </tr>\n    <tr>\n      <th>23</th>\n      <td>2019-05-25</td>\n      <td>Jack</td>\n      <td>87.38</td>\n    </tr>\n    <tr>\n      <th>0</th>\n      <td>2018-12-12</td>\n      <td>Kimble</td>\n      <td>93.28</td>\n    </tr>\n    <tr>\n      <th>14</th>\n      <td>2019-04-07</td>\n      <td>Honoria</td>\n      <td>93.40</td>\n    </tr>\n    <tr>\n      <th>9</th>\n      <td>2019-10-21</td>\n      <td>Jacquenetta</td>\n      <td>97.73</td>\n    </tr>\n    <tr>\n      <th>4</th>\n      <td>2019-03-23</td>\n      <td>Pedro</td>\n      <td>98.77</td>\n    </tr>\n    <tr>\n      <th>17</th>\n      <td>2019-05-14</td>\n      <td>Paddie</td>\n      <td>99.52</td>\n    </tr>\n  </tbody>\n</table>\n</div>",
                        "text/plain": "         date         name  value\n19 2019-08-02        Tadio   4.40\n5  2019-03-21         Isac   5.21\n1  2019-03-08       Alanna  10.51\n12 2019-08-21         Teri  22.17\n10 2019-01-13     Kristine  26.09\n13 2019-02-03     Claudine  26.28\n2  2019-10-09          Jay  29.41\n21 2019-10-19        Elise  35.62\n6  2019-04-10        Gayla  40.03\n11 2019-10-10      Brenden  41.40\n15 2018-11-24        Xenia  43.61\n3  2019-07-28       Rustin  47.94\n18 2019-08-17         Livy  51.81\n20 2019-04-11      Jackson  53.92\n16 2018-11-23       Culver  68.38\n24 2019-01-27   Christabel  73.09\n8  2019-02-14        Graig  79.75\n7  2019-10-16      Ransell  80.89\n22 2019-06-18     Christie  83.61\n23 2019-05-25         Jack  87.38\n0  2018-12-12       Kimble  93.28\n14 2019-04-07      Honoria  93.40\n9  2019-10-21  Jacquenetta  97.73\n4  2019-03-23        Pedro  98.77\n17 2019-05-14       Paddie  99.52"
                    },
                    "execution_count": 10,
                    "metadata": {},
                    "output_type": "execute_result"
                }
            ],
            "source": "ordemValue (df_data_2)"
        },
        {
            "cell_type": "markdown",
            "metadata": {},
            "source": "# Fun\u00e7\u00e3o que calcula equa\u00e7\u00e3o\n\nCriar um programa que receba a entrada do usu\u00e1rio, pedindo a(s) resposta(s) para a fun\u00e7\u00e3o:\n\nx\u02c62 + 2*x - 20\n\nE envie a mensagem \u201cParab\u00e9ns\u201d caso o usu\u00e1rio tenha acertado, caso contr\u00e1rio envie \u201cEssa n\u00e3o \u00e9 bem a resposta correta, a resposta correta \u00e9: <respostas>\u201d"
        },
        {
            "cell_type": "markdown",
            "metadata": {},
            "source": "## Como pensamos que era:"
        },
        {
            "cell_type": "code",
            "execution_count": 11,
            "metadata": {},
            "outputs": [],
            "source": "def calc ():\n    import math\n    value = int(input(\"Digite um valor para X: \\n\"))\n    result = pow(value,2) + 2*value - 20\n    \n    userResult = int(input(\"Qual o resultado para a opera\u00e7\u00e3o x\u02c62 + 2*x - 20 sendo X o valor que voc\u00ea determinou? \\n\"))\n    \n    if (userResult == result):\n        print(\"Parab\u00e9ns, voc\u00ea acertou!\")\n    else:\n        print(\"Ops, parece que voc\u00ea errou, a resposta correta \u00e9: \", result)"
        },
        {
            "cell_type": "code",
            "execution_count": 12,
            "metadata": {},
            "outputs": [
                {
                    "name": "stdout",
                    "output_type": "stream",
                    "text": "Digite um valor para X: \n2\nQual o resultado para a opera\u00e7\u00e3o x\u02c62 + 2*x - 20 sendo X o valor que voc\u00ea determinou? \n-12\nParab\u00e9ns, voc\u00ea acertou!\n"
                }
            ],
            "source": "calc()"
        },
        {
            "cell_type": "markdown",
            "metadata": {},
            "source": "## Como realmente era pra ser:"
        },
        {
            "cell_type": "code",
            "execution_count": 17,
            "metadata": {},
            "outputs": [],
            "source": "def Bhaskara ():\n    import math\n    a = 1\n    b = 2\n    c = -20\n    \n    x=(b**2)-(4*a*c)\n    x=math.sqrt(x)\n    r1=(-b+x)/(2*a)\n    r2=(-b-x)/(2*a)\n    \n    x1 = round(r1, 2)\n    x2 = round(r2, 2)\n    \n    userResult1 = float(input(\"Dada a equa\u00e7\u00e3o x\u02c62 + 2*x - 20 Qual o resultado de X'? \\n\"))\n    userResult2 = float(input(\"E do X''? \\n\"))\n    \n    if ((userResult1 and userResult2) == (x1 and x2)):\n        print(\"Parab\u00e9ns, voc\u00ea acertou!\")\n    else:\n        print(\"Ops, parece que voc\u00ea errou, a resposta correta \u00e9: \", \"\\n\\nX' = %s X'' = \" % x1, x2)"
        },
        {
            "cell_type": "code",
            "execution_count": 18,
            "metadata": {},
            "outputs": [
                {
                    "name": "stdout",
                    "output_type": "stream",
                    "text": "Dada a equa\u00e7\u00e3o x\u02c62 + 2*x - 20 Qual o resultado de X'? \n3.58\nE do X''? \n-5.58\nParab\u00e9ns, voc\u00ea acertou!\n"
                }
            ],
            "source": "Bhaskara ()"
        },
        {
            "cell_type": "markdown",
            "metadata": {},
            "source": "# Extra\n\nDigitar um dos nomes do arquivo JSON para que a equa\u00e7\u00e3o seja calculada de acordo com o valor de cada um."
        },
        {
            "cell_type": "code",
            "execution_count": 16,
            "metadata": {},
            "outputs": [
                {
                    "name": "stdout",
                    "output_type": "stream",
                    "text": "Digite seu primeiro nome: Jay\n2    903.7681\nName: value, dtype: float64\n"
                }
            ],
            "source": "userName = input('Digite seu primeiro nome: ')\nselectUser = df_data_2[df_data_2['name']==userName]\nvalue = selectUser['value']\nresult = pow(value,2) + 2*value - 20\n\nprint(result)"
        }
    ],
    "metadata": {
        "kernelspec": {
            "display_name": "Python 3.6",
            "language": "python",
            "name": "python3"
        },
        "language_info": {
            "codemirror_mode": {
                "name": "ipython",
                "version": 3
            },
            "file_extension": ".py",
            "mimetype": "text/x-python",
            "name": "python",
            "nbconvert_exporter": "python",
            "pygments_lexer": "ipython3",
            "version": "3.6.8"
        }
    },
    "nbformat": 4,
    "nbformat_minor": 1
}